% # columns="iteration, evaluation, min max(neg(.)) min(pos(.)) max correlation, correlation matrix principal axes lengths  (sorted square roots of eigenvalues of correlation matrix)", seed=113433, Tue Oct 18 13:13:26 2022
1 6 0.07209568278208177 0.07209568278208177 0.07209568278208177 0.07209568278208177 0.9632779023822348 1.0354205342671554
2 12 0.07209568278208177 0.07209568278208177 0.07209568278208177 0.07209568278208177 0.9632779023822348 1.0354205342671554
3 18 0.20932602473361556 0.20932602473361556 0.20932602473361556 0.20932602473361556 0.8891985016105146 1.0996936049343997
4 24 0.20932602473361556 0.20932602473361556 0.20932602473361556 0.20932602473361556 0.8891985016105146 1.0996936049343997
5 30 0.4180032404909664 0.4180032404909664 0.4180032404909664 0.4180032404909664 0.762887121079543 1.1907994123658971
6 36 0.4180032404909664 0.4180032404909664 0.4180032404909664 0.4180032404909664 0.762887121079543 1.1907994123658971
7 42 0.3306024825203654 0.3306024825203654 0.3306024825203654 0.3306024825203654 0.8181671696417757 1.1535174391921283
8 48 0.3306024825203654 0.3306024825203654 0.3306024825203654 0.3306024825203654 0.8181671696417757 1.1535174391921283
9 54 0.22018715842767886 0.22018715842767886 0.22018715842767886 0.22018715842767886 0.8830701226812745 1.1046208211090713
10 60 0.22018715842767886 0.22018715842767886 0.22018715842767886 0.22018715842767886 0.8830701226812745 1.1046208211090713
11 66 0.240783667666017 0.240783667666017 0.240783667666017 0.240783667666017 0.8713302085512605 1.1139046941574566
12 72 0.240783667666017 0.240783667666017 0.240783667666017 0.240783667666017 0.8713302085512605 1.1139046941574566
13 78 0.2620276708360951 0.2620276708360951 0.2620276708360951 0.2620276708360951 0.8590531585204172 1.1234000493306449
14 84 0.2620276708360951 0.2620276708360951 0.2620276708360951 0.2620276708360951 0.8590531585204172 1.1234000493306449
15 90 0.10711829772958222 0.10711829772958222 0.10711829772958222 0.10711829772958222 0.9449241780536776 1.052196891142329
16 96 0.10711829772958222 0.10711829772958222 0.10711829772958222 0.10711829772958222 0.9449241780536776 1.052196891142329
17 102 0.2756870764220362 0.2756870764220362 0.2756870764220362 0.2756870764220362 0.8510657574934877 1.1294631806402706
18 108 0.2756870764220362 0.2756870764220362 0.2756870764220362 0.2756870764220362 0.8510657574934877 1.1294631806402706
19 114 0.41480023257315735 0.41480023257315735 0.41480023257315735 0.41480023257315735 0.7649835079443496 1.1894537538606356
20 120 0.41480023257315735 0.41480023257315735 0.41480023257315735 0.41480023257315735 0.7649835079443496 1.1894537538606356
21 126 0.07116011290521532 0.07116011290521532 0.07116011290521532 0.07116011290521532 0.9637633978808207 1.0349686531026991
22 132 0.07116011290521532 0.07116011290521532 0.07116011290521532 0.07116011290521532 0.9637633978808207 1.0349686531026991
23 138 0.2126002819369432 0.2126002819369432 0.2126002819369432 0.2126002819369432 0.887355463195588 1.1011813120176637
24 144 0.2126002819369432 0.2126002819369432 0.2126002819369432 0.2126002819369432 0.887355463195588 1.1011813120176637
25 150 -0.29897897924939654 -0.29897897924939654 -0.29897897924939654 -0.29897897924939654 0.8372699808010576 1.139727589930768
26 156 -0.29897897924939654 -0.29897897924939654 -0.29897897924939654 -0.29897897924939654 0.8372699808010576 1.139727589930768
27 162 -0.1707736958274831 -0.1707736958274831 -0.1707736958274831 -0.1707736958274831 0.9106186381644715 1.082022964556429
28 168 -0.1707736958274831 -0.1707736958274831 -0.1707736958274831 -0.1707736958274831 0.9106186381644715 1.082022964556429
29 174 -0.3491169241937906 -0.3491169241937906 -0.3491169241937906 -0.3491169241937906 0.8067732493124754 1.1615149263758044
30 180 -0.3491169241937906 -0.3491169241937906 -0.3491169241937906 -0.3491169241937906 0.8067732493124754 1.1615149263758044
31 186 -0.4976317778134198 -0.4976317778134198 -0.4976317778134198 -0.4976317778134198 0.7087793889402967 1.2237776668224583
32 192 -0.4976317778134198 -0.4976317778134198 -0.4976317778134198 -0.4976317778134198 0.7087793889402967 1.2237776668224583
33 198 -0.041164332537321185 -0.041164332537321185 -0.041164332537321185 -0.041164332537321185 0.979201545884543 1.0203746040240913
34 204 -0.041164332537321185 -0.041164332537321185 -0.041164332537321185 -0.041164332537321185 0.979201545884543 1.0203746040240913
